2012-12-11 22:03:48.330584,10,10,87,10,32,6,0.3
2012-12-11 22:04:41.175214,10,10,86,10,31,17,0.46
2012-12-11 22:05:47.414499,10,10,86,10,31,17,0.545
2012-12-11 22:06:53.078462,10,10,86,10,31,17,0.654
2012-12-11 22:07:58.987423,10,10,86,10,31,17,0.723
2012-12-11 22:09:05.217141,10,10,86,10,31,17,0.787
2012-12-11 22:10:11.316659,10,10,86,10,31,17,0.84
2012-12-11 22:11:17.505397,10,10,86,10,31,17,0.866
2012-12-11 22:12:23.587481,10,10,86,10,31,17,0.897
2012-12-11 22:13:29.382188,10,10,86,10,31,17,0.927
2012-12-11 22:14:35.583916,10,10,86,10,31,17,0.934
2012-12-11 22:15:41.717884,10,10,86,10,31,17,0.952
2012-12-11 22:16:47.399224,10,10,86,10,31,17,0.979
2012-12-11 22:25:36.500840,10,10,86,10,31,17,0.987
2012-12-11 22:26:43.507061,15,15,78,15,483,23,0.852666666667
2012-12-11 22:27:49.847362,15,15,77,15,609,21,0.886
2012-12-11 22:28:56.500891,15,15,75,15,799,18,0.902
2012-12-11 22:30:03.509816,15,15,71,15,1022,21,0.916666666667
2012-12-11 22:31:09.886143,15,15,71,15,1022,21,0.939333333333
2012-12-11 22:32:17.298067,15,15,71,15,1022,21,0.955333333333
